##TITLE= Parameter file, TopSpin 4.2.0
##JCAMPDX= 5.0
##DATATYPE= Parameter Values
##NPOINTS= 1	$$ modification sequence number
##ORIGIN= Bruker BioSpin GmbH
##OWNER= opetrov
$$ 2024-09-16 10:48:33.154 +0200  opetrov@nt166
$$ /media/opetrov/LaCie/DATA/CUNI/ntc2/python_baseline2/414/pdata/1/clevels
$$ process /opt/topspin4.2.0/prog/mod/dirdata
##$LEVELS= (0..255)
-5390367.3212266 -2994648.51179256 -1663693.61766253 -924274.232034739
-513485.684463744 -285269.82470208 -158483.2359456 -88046.242192 88046.242192
158483.2359456 285269.82470208 513485.684463744 924274.232034739 1663693.61766253
2994648.51179256 5390367.3212266 0 0 0 0 0 0 0 0 0 0 0 0 0 0 0 0 0 0 0
0 0 0 0 0 0 0 0 0 0 0 0 0 0 0 0 0 0 0 0 0 0 0 0 0 0 0 0 0 0 0 0 0 0 0 0
0 0 0 0 0 0 0 0 0 0 0 0 0 0 0 0 0 0 0 0 0 0 0 0 0 0 0 0 0 0 0 0 0 0 0 0
0 0 0 0 0 0 0 0 0 0 0 0 0 0 0 0 0 0 0 0 0 0 0 0 0 0 0 0 0 0 0 0 0 0 0 0
0 0 0 0 0 0 0 0 0 0 0 0 0 0 0 0 0 0 0 0 0 0 0 0 0 0 0 0 0 0 0 0 0 0 0 0
0 0 0 0 0 0 0 0 0 0 0 0 0 0 0 0 0 0 0 0 0 0 0 0 0 0 0 0 0 0 0 0 0 0 0 0
0 0 0 0 0 0 0 0 0 0 0 0 0 0 0 0 0 0 0 0 0 0 0 0 0 0 0 0 0 0 0 0 0 0 0 0
0 0 0 0 0
##$LEVSIGN= 3
##$MAXLEV= 8
##$METHOD= 0
##$NEGBASE= -88046.242192
##$NEGINCR= 1.8
##$POSBASE= 88046.242192
##$POSINCR= 1.8
##END=
