Dataset :
/nmrdata/data/opetrov/nmr/JDSO121(2)_methane_Teflon/414/pdata/1

Spinning speed : 1.000000

Peak 1 (xy 2.974 ppm)

    number integral(S0) integral(S*) intensity(S0) intensity(S*)

         1    -5.14e+10    -5.23e+10             0             0
         2    -4.99e+10    -5.11e+10     -1.49e+08             0
         3    -4.52e+10    -4.75e+10             0             0
         4    -3.75e+10    -4.17e+10     -2.21e+07     -6.55e+07
         5    -2.53e+10    -3.18e+10             0             0
         6    -4.78e+09    -1.66e+10      2.24e+08      1.67e+08
         7     1.83e+10     6.99e+09             0             0
         8     4.18e+10     2.98e+10             0             0
         9     5.67e+10     4.95e+10             0             0
        10     6.77e+10     6.26e+10      2.89e+08             0
        11     7.36e+10     7.14e+10      2.95e+08      2.98e+08
        12     7.62e+10     7.53e+10      3.03e+08      2.97e+08

    time(mS) DS/S0(integral) DS/S0(intensity)

           2               0                0
           4               0                0
           6               0                0
           8               0                0
          10               0                0
          12               0           0.2509
          14          0.6175           0.2509
          16          0.2872           0.2509
          18           0.127           0.2509
          20         0.07624                1
          22         0.03062        -0.009273
          24         0.01279          0.01693


