73
0.002 0 0
0 0 1
3348 -5.23161e+10 0
0.00293906 0 0
0 0 1
3348 -5.14293e+10 0
0.00431903 0 0
0 0 1
3348 -5.10625e+10 0
0.00634694 0 0
0 0 1
3343.01 -4.99346e+10 3433
0.00932702 0 0
0 0 1
3348 -4.75421e+10 0
0.0137063 0 0
0 0 1
3348 -4.51972e+10 0
0.0201418 0 0
0 0 1
3343.88 -4.17495e+10 3431
0.029599 0 0
0 0 1
3348.08 -3.75175e+10 3420
0.0434966 0 0
0 0 1
3348 -3.17958e+10 0
0.0639195 0 0
0 0 1
3348 -2.53286e+10 0
0.0939316 0 0
0 0 1
3343.43 -1.66059e+10 3404
0.138035 0 0
0 0 1
3343.04 -4.78473e+09 3430
0.202847 0 0
0 0 1
3348 6.9864e+09 0
0.298089 0 0
0 0 1
3348 1.82669e+10 0
0.438051 0 0
0 0 1
3348 2.97965e+10 0
0.643728 0 0
0 0 1
3348 4.18045e+10 0
0.945978 0 0
0 0 1
3348 4.95384e+10 0
1.39014 0 0
0 0 1
3348 5.6746e+10 0
2.04285 0 0
0 0 1
3348 6.25843e+10 0
3.00203 0 0
0 0 1
3344.09 6.77499e+10 3440
4.41157 0 0
0 0 1
3343 7.13656e+10 3480
6.48294 0 0
0 0 1
3344.9 7.36202e+10 3451
9.52686 0 0
0 0 1
3346.89 7.52535e+10 3432
14 0 0
0 0 1
3348.08 7.62287e+10 3445
-1 0 0
