73
0.002 0 0
0 0 1
3348 0 0
0.00293906 0 0
0 0 1
3348 0 0
0.00431903 0 0
0 0 1
3348 0 0
0.00634694 0 0
0 0 1
3343.01 -1.49357e+08 3433
0.00932702 0 0
0 0 1
3348 0 0
0.0137063 0 0
0 0 1
3348 0 0
0.0201418 0 0
0 0 1
3343.88 -6.55449e+07 3431
0.029599 0 0
0 0 1
3348.08 -2.20742e+07 3420
0.0434966 0 0
0 0 1
3348 0 0
0.0639195 0 0
0 0 1
3348 0 0
0.0939316 0 0
0 0 1
3343.43 1.67458e+08 3404
0.138035 0 0
0 0 1
3343.04 2.23555e+08 3430
0.202847 0 0
0 0 1
3348 0 0
0.298089 0 0
0 0 1
3348 0 0
0.438051 0 0
0 0 1
3348 0 0
0.643728 0 0
0 0 1
3348 0 0
0.945978 0 0
0 0 1
3348 0 0
1.39014 0 0
0 0 1
3348 0 0
2.04285 0 0
0 0 1
3348 0 0
3.00203 0 0
0 0 1
3344.09 2.8868e+08 3440
4.41157 0 0
0 0 1
3343 2.97778e+08 3480
6.48294 0 0
0 0 1
3344.9 2.95043e+08 3451
9.52686 0 0
0 0 1
3346.89 2.97386e+08 3432
14 0 0
0 0 1
3348.08 3.02506e+08 3445
-1 0 0
