O 470.534420
-95000000
-94644531
-94289062
-93933594
-93578125
-93222656
-92867188
-92511719
-92156250
-91800781
-91445312
-91089844
-90734375
-90378906
-90023438
-89667969
-89312500
-88957031
-88601562
-88246094
-87890625
-87535156
-87179688
-86824219
-86468750
-86113281
-85757812
-85402344
-85046875
-84691406
-84335938
-83980469
-83625000
-83269531
-82914062
-82558594
-82203125
-81847656
-81492188
-81136719
-80781250
-80425781
-80070312
-79714844
-79359375
-79003906
-78648438
-78292969
-77937500
-77582031
-77226562
-76871094
-76515625
-76160156
-75804688
-75449219
-75093750
-74738281
-74382812
-74027344
-73671875
-73316406
-72960938
-72605469
-72250000
-71894531
-71539062
-71183594
-70828125
-70472656
-70117188
-69761719
-69406250
-69050781
-68695312
-68339844
-67984375
-67628906
-67273438
-66917969
-66562500
-66207031
-65851562
-65496094
-65140625
-64785156
-64429688
-64074219
-63718750
-63363281
-63007812
-62652344
-62296875
-61941406
-61585938
-61230469
-60875000
-60519531
-60164062
-59808594
-59453125
-59097656
-58742188
-58386719
-58031250
-57675781
-57320312
-56964844
-56609375
-56253906
-55898438
-55542969
-55187500
-54832031
-54476562
-54121094
-53765625
-53410156
-53054688
-52699219
-52343750
-51988281
-51632812
-51277344
-50921875
-50566406
-50210938
-49855469
-49500000
-49144531
-48789062
-48433594
-48078125
-47722656
-47367188
-47011719
-46656250
-46300781
-45945312
-45589844
-45234375
-44878906
-44523438
-44167969
-43812500
-43457031
-43101562
-42746094
-42390625
-42035156
-41679688
-41324219
-40968750
-40613281
-40257812
-39902344
-39546875
-39191406
-38835938
-38480469
-38125000
-37769531
-37414062
-37058594
-36703125
-36347656
-35992188
-35636719
-35281250
-34925781
-34570312
-34214844
-33859375
-33503906
-33148438
-32792969
-32437500
-32082031
-31726562
-31371094
-31015625
-30660156
-30304688
-29949219
-29593750
-29238281
-28882812
-28527344
-28171875
-27816406
-27460938
-27105469
-26750000
-26394531
-26039062
-25683594
-25328125
-24972656
-24617188
-24261719
-23906250
-23550781
-23195312
-22839844
-22484375
-22128906
-21773438
-21417969
-21062500
-20707031
-20351562
-19996094
-19640625
-19285156
-18929688
-18574219
-18218750
-17863281
-17507812
-17152344
-16796875
-16441406
-16085938
-15730469
-15375000
-15019531
-14664062
-14308594
-13953125
-13597656
-13242188
-12886719
-12531250
-12175781
-11820312
-11464844
-11109375
-10753906
-10398438
-10042969
-9687500
-9332031
-8976562
-8621094
-8265625
-7910156
-7554688
-7199219
-6843750
-6488281
-6132812
-5777344
-5421875
-5066406
-4710938
-4355469
-4000000
-3984344
-3968689
-3953033
-3937378
-3921722
-3906067
-3890411
-3874755
-3859100
-3843444
-3827789
-3812133
-3796477
-3780822
-3765166
-3749511
-3733855
-3718200
-3702544
-3686888
-3671233
-3655577
-3639922
-3624266
-3608611
-3592955
-3577299
-3561644
-3545988
-3530333
-3514677
-3499022
-3483366
-3467710
-3452055
-3436399
-3420744
-3405088
-3389432
-3373777
-3358121
-3342466
-3326810
-3311155
-3295499
-3279843
-3264188
-3248532
-3232877
-3217221
-3201566
-3185910
-3170254
-3154599
-3138943
-3123288
-3107632
-3091977
-3076321
-3060665
-3045010
-3029354
-3013699
-2998043
-2982387
-2966732
-2951076
-2935421
-2919765
-2904110
-2888454
-2872798
-2857143
-2841487
-2825832
-2810176
-2794521
-2778865
-2763209
-2747554
-2731898
-2716243
-2700587
-2684932
-2669276
-2653620
-2637965
-2622309
-2606654
-2590998
-2575342
-2559687
-2544031
-2528376
-2512720
-2497065
-2481409
-2465753
-2450098
-2434442
-2418787
-2403131
-2387476
-2371820
-2356164
-2340509
-2324853
-2309198
-2293542
-2277886
-2262231
-2246575
-2230920
-2215264
-2199609
-2183953
-2168297
-2152642
-2136986
-2121331
-2105675
-2090020
-2074364
-2058708
-2043053
-2027397
-2011742
-1996086
-1980431
-1964775
-1949119
-1933464
-1917808
-1902153
-1886497
-1870841
-1855186
-1839530
-1823875
-1808219
-1792564
-1776908
-1761252
-1745597
-1729941
-1714286
-1698630
-1682975
-1667319
-1651663
-1636008
-1620352
-1604697
-1589041
-1573386
-1557730
-1542074
-1526419
-1510763
-1495108
-1479452
-1463796
-1448141
-1432485
-1416830
-1401174
-1385519
-1369863
-1354207
-1338552
-1322896
-1307241
-1291585
-1275930
-1260274
-1244618
-1228963
-1213307
-1197652
-1181996
-1166341
-1150685
-1135029
-1119374
-1103718
-1088063
-1072407
-1056751
-1041096
-1025440
-1009785
 -994129
 -978474
 -962818
 -947162
 -931507
 -915851
 -900196
 -884540
 -868885
 -853229
 -837573
 -821918
 -806262
 -790607
 -774951
 -759295
 -743640
 -727984
 -712329
 -696673
 -681018
 -665362
 -649706
 -634051
 -618395
 -602740
 -587084
 -571429
 -555773
 -540117
 -524462
 -508806
 -493151
 -477495
 -461840
 -446184
 -430528
 -414873
 -399217
 -383562
 -367906
 -352250
 -336595
 -320939
 -305284
 -289628
 -273973
 -258317
 -242661
 -227006
 -211350
 -195695
 -180039
 -164384
 -148728
 -133072
 -117417
 -101761
  -86106
  -70450
  -54795
  -39139
  -23483
   -7828
    7828
   23483
   39139
   54795
   70450
   86106
  101761
  117417
  133072
  148728
  164384
  180039
  195695
  211350
  227006
  242661
  258317
  273973
  289628
  305284
  320939
  336595
  352250
  367906
  383562
  399217
  414873
  430528
  446184
  461840
  477495
  493151
  508806
  524462
  540117
  555773
  571429
  587084
  602740
  618395
  634051
  649706
  665362
  681018
  696673
  712329
  727984
  743640
  759295
  774951
  790607
  806262
  821918
  837573
  853229
  868885
  884540
  900196
  915851
  931507
  947162
  962818
  978474
  994129
 1009785
 1025440
 1041096
 1056751
 1072407
 1088063
 1103718
 1119374
 1135029
 1150685
 1166341
 1181996
 1197652
 1213307
 1228963
 1244618
 1260274
 1275930
 1291585
 1307241
 1322896
 1338552
 1354207
 1369863
 1385519
 1401174
 1416830
 1432485
 1448141
 1463796
 1479452
 1495108
 1510763
 1526419
 1542074
 1557730
 1573386
 1589041
 1604697
 1620352
 1636008
 1651663
 1667319
 1682975
 1698630
 1714286
 1729941
 1745597
 1761252
 1776908
 1792564
 1808219
 1823875
 1839530
 1855186
 1870841
 1886497
 1902153
 1917808
 1933464
 1949119
 1964775
 1980431
 1996086
 2011742
 2027397
 2043053
 2058708
 2074364
 2090020
 2105675
 2121331
 2136986
 2152642
 2168297
 2183953
 2199609
 2215264
 2230920
 2246575
 2262231
 2277886
 2293542
 2309198
 2324853
 2340509
 2356164
 2371820
 2387476
 2403131
 2418787
 2434442
 2450098
 2465753
 2481409
 2497065
 2512720
 2528376
 2544031
 2559687
 2575342
 2590998
 2606654
 2622309
 2637965
 2653620
 2669276
 2684932
 2700587
 2716243
 2731898
 2747554
 2763209
 2778865
 2794521
 2810176
 2825832
 2841487
 2857143
 2872798
 2888454
 2904110
 2919765
 2935421
 2951076
 2966732
 2982387
 2998043
 3013699
 3029354
 3045010
 3060665
 3076321
 3091977
 3107632
 3123288
 3138943
 3154599
 3170254
 3185910
 3201566
 3217221
 3232877
 3248532
 3264188
 3279843
 3295499
 3311155
 3326810
 3342466
 3358121
 3373777
 3389432
 3405088
 3420744
 3436399
 3452055
 3467710
 3483366
 3499022
 3514677
 3530333
 3545988
 3561644
 3577299
 3592955
 3608611
 3624266
 3639922
 3655577
 3671233
 3686888
 3702544
 3718200
 3733855
 3749511
 3765166
 3780822
 3796477
 3812133
 3827789
 3843444
 3859100
 3874755
 3890411
 3906067
 3921722
 3937378
 3953033
 3968689
 3984344
 4000000
 4355469
 4710937
 5066406
 5421875
 5777344
 6132812
 6488281
 6843750
 7199219
 7554687
 7910156
 8265625
 8621094
 8976562
 9332031
 9687500
10042969
10398437
10753906
11109375
11464844
11820312
12175781
12531250
12886719
13242187
13597656
13953125
14308594
14664062
15019531
15375000
15730469
16085937
16441406
16796875
17152344
17507812
17863281
18218750
18574219
18929687
19285156
19640625
19996094
20351562
20707031
21062500
21417969
21773437
22128906
22484375
22839844
23195312
23550781
23906250
24261719
24617187
24972656
25328125
25683594
26039062
26394531
26750000
27105469
27460937
27816406
28171875
28527344
28882812
29238281
29593750
29949219
30304687
30660156
31015625
31371094
31726562
32082031
32437500
32792969
33148437
33503906
33859375
34214844
34570312
34925781
35281250
35636719
35992187
36347656
36703125
37058594
37414062
37769531
38125000
38480469
38835937
39191406
39546875
39902344
40257812
40613281
40968750
41324219
41679687
42035156
42390625
42746094
43101562
43457031
43812500
44167969
44523437
44878906
45234375
45589844
45945312
46300781
46656250
47011719
47367187
47722656
48078125
48433594
48789062
49144531
49500000
49855469
50210937
50566406
50921875
51277344
51632812
51988281
52343750
52699219
53054687
53410156
53765625
54121094
54476562
54832031
55187500
55542969
55898437
56253906
56609375
56964844
57320312
57675781
58031250
58386719
58742187
59097656
59453125
59808594
60164062
60519531
60875000
61230469
61585937
61941406
62296875
62652344
63007812
63363281
63718750
64074219
64429687
64785156
65140625
65496094
65851562
66207031
66562500
66917969
67273437
67628906
67984375
68339844
68695312
69050781
69406250
69761719
70117187
70472656
70828125
71183594
71539062
71894531
72250000
72605469
72960937
73316406
73671875
74027344
74382812
74738281
75093750
75449219
75804687
76160156
76515625
76871094
77226562
77582031
77937500
78292969
78648437
79003906
79359375
79714844
80070312
80425781
80781250
81136719
81492187
81847656
82203125
82558594
82914062
83269531
83625000
83980469
84335937
84691406
85046875
85402344
85757812
86113281
86468750
86824219
87179687
87535156
87890625
88246094
88601562
88957031
89312500
89667969
90023437
90378906
90734375
91089844
91445312
91800781
92156250
92511719
92867187
93222656
93578125
93933594
94289062
94644531
95000000
