##TITLE= Parameter file, TOPSPIN		Version 3.2
##$DATE= 1616054059
##$SFO1= 99.4142580346981
##$SW_h= 20000
##$PULPROG= <cmpg.vojta>
##$NS= 720
##$RG= 203
##$FW= 125000
##$D= (0..63) 0 60 0 0.0001 0 0 0.0025 0 0 0 0 0 0 0 0 0 0 0 0 0 0 0 0 0 0 0 0 0 0 0 0 0 0 0 0 0 0 0 0 0 0 0 0 0 0 0 0 0 0 0 0 0 0 0 0 0 0 0 0 0 0 0 0 0 
##$P= (0..63) 0 7 4 2.65 5.3 0 0 0 0 0 0 0 0 0 0 0 0 0 0 0 0 0 0 0 0 3.723099e-05 0 0 0 0 0 0 0 0 0 0 0 0 0 0 0 0 0 0 0 0 0 0 0 0 0 0 0 0 0 0 0 0 0 0 0 0 0 0 
##$PL= (0..63) 120 120 120 120 120 120 120 120 120 120 120 120 120 120 120 120 120 120 120 120 120 120 120 120 120 120 120 120 120 120 120 120 120 120 120 120 120 120 120 120 120 120 120 120 120 120 120 120 120 120 120 120 120 120 120 120 120 120 120 120 120 120 120 120 
##%ExpCount= 1
##%EchoCount= 129
##%FirstEcho= 0
##%LastEcho= 128
##%EchoBegin= 0
##%EchoEnd= 102
##%DFTLength= 256
##%filter= 0
##%ExpFlags= (0..0) 0 
# Echo sumation data
#Experiment	Point	Time [us]	Real	Imag	Modulus	Processed	Flag
0	0	0	8.13178294573643	-35.031007751938	35.9624442716691	1	112
0	1	50	-152.658914728682	-121.643410852713	195.196986785199	1	112
0	2	100	-1014.96124031008	-437.829457364341	1105.3691478722	1	112
0	3	150	35.8062015503876	22.4961240310078	42.2866369658958	1	112
0	4	200	-774.286821705426	-593.635658914729	975.665607573525	1	112
0	5	250	68.3255813953488	879.317829457364	881.968383942771	1	112
0	6	300	76.1550387596899	290.821705426357	300.62743433623	1	112
0	7	350	-35.6046511627907	363.116279069767	364.857675415904	1	112
0	8	400	-52.5116279069767	737.751937984496	739.618410442385	1	112
0	9	450	988.418604651163	806.976744186047	1276.00266601511	1	112
0	10	500	286.93023255814	-114.852713178295	309.063268733578	1	112
0	11	550	-262.782945736434	602.348837209302	657.175013415237	1	112
0	12	600	2329.59689922481	387.852713178295	2361.6628548541	1	112
0	13	650	1804.98449612403	-699.178294573643	1935.67025054657	1	112
0	14	700	1363.1007751938	-315.325581395349	1399.0975468552	1	112
0	15	750	928.883720930233	719.356589147287	1174.8612128072	1	112
0	16	800	863.635658914729	-70.6976744186046	866.524501971685	1	112
0	17	850	122.162790697674	612.519379844961	624.582851282918	1	112
0	18	900	227.15503875969	599.682170542636	641.262908096705	1	112
0	19	950	146	70.7364341085271	162.233298401993	1	112
0	20	1000	512.945736434109	-359.170542635659	626.192308498854	1	112
0	21	1050	439.697674418605	152.248062015504	465.310130210601	1	112
0	22	1100	450	472.643410852713	652.603856732771	1	112
0	23	1150	402.697674418605	1245.95348837209	1309.41418663796	1	112
0	24	1200	-752.496124031008	2926.26356589147	3021.46799978844	1	112
0	25	1250	672.333333333333	2093.75968992248	2199.05928757171	1	112
0	26	1300	367.992248062016	1025.25581395349	1089.29691942976	1	112
0	27	1350	837.162790697674	447.837209302326	949.420720315505	1	112
0	28	1400	1222.66666666667	445.922480620155	1301.44559490599	1	112
0	29	1450	2120.27131782946	-551.046511627907	2190.70826884539	1	112
0	30	1500	1668.2480620155	-1512.61240310078	2251.89872739268	1	112
0	31	1550	2255.64341085271	-1494.93798449612	2706.06111801131	1	112
0	32	1600	1478.53488372093	-3027.68992248062	3369.41711117374	1	112
0	33	1650	1178.29457364341	-3085.86821705426	3303.17434527806	1	112
0	34	1700	551.705426356589	-2767.3023255814	2821.76204500654	1	112
0	35	1750	-981.612403100775	-2095.08527131783	2313.64327501328	1	112
0	36	1800	-1331.47286821705	-3471.49612403101	3718.07817803236	1	112
0	37	1850	-2150.46511627907	-2561.37209302326	3344.41732073787	1	112
0	38	1900	-3728.65891472868	-1554.27906976744	4039.63868794015	1	112
0	39	1950	-4750.36434108527	-753.22480620155	4809.70986461053	1	112
0	40	2000	-5511.66666666667	2465.25581395349	6037.87675202765	1	112
0	41	2050	-7405.66666666667	5792.25581395349	9401.81504774774	1	112
0	42	2100	-10873.6434108527	10029.8372093023	14793.0306384962	1	112
0	43	2150	-12787.1860465116	14904.5736434109	19638.1883706201	1	112
0	44	2200	-14721.7674418605	19743.015503876	24627.5678417198	1	112
0	45	2250	-16726.7829457364	23869.2868217054	29146.66569422	1	112
0	46	2300	-19333.4651162791	27530.7906976744	33641.1550015979	1	112
0	47	2350	-22120.7829457364	30956.8217054264	38048.046575796	1	112
0	48	2400	-25648.9457364341	33545.1705426357	42227.3239043756	1	112
0	49	2450	-27518.6434108527	36580.2093023256	45775.4022131495	1	112
0	50	2500	-29726.1007751938	36874.2945736434	47364.0651507111	1	112
0	51	2550	-31341.519379845	37391.1550387597	48789.2335681732	1	112
0	52	2600	-31163.6899224806	35493.0697674419	47232.7595118157	1	112
0	53	2650	-29820.1937984496	34537.6046511628	45629.925413232	1	112
0	54	2700	-28015.0930232558	31558.9302325581	42199.6624930241	1	112
0	55	2750	-25799.2170542636	27562.2403100775	37752.8368672272	1	112
0	56	2800	-22474.2558139535	24353.480620155	33138.8622723727	1	112
0	57	2850	-18672.7751937985	20931.5736434109	28050.0144140367	1	112
0	58	2900	-14187.7054263566	16402.6124031008	21687.2469186714	1	112
0	59	2950	-10172.1007751938	14281	17533.3566432871	1	112
0	60	3000	-7005.71317829457	11297.7829457364	13293.6043504199	1	112
0	61	3050	-4126.6511627907	8120.71317829457	9109.07417597908	1	112
0	62	3100	-598.263565891473	5604.96124031008	5636.79960612859	1	112
0	63	3150	1084.68217054264	3903.41085271318	4051.31481079564	1	112
0	64	3200	1186.84496124031	3288.1007751938	3495.74136197911	1	112
0	65	3250	1812.35658914729	925.914728682171	2035.17922822934	1	112
0	66	3300	2606.1007751938	-587.782945736434	2671.56322061903	1	112
0	67	3350	2768.62790697674	-928.84496124031	2920.28311115754	1	112
0	68	3400	2142.54263565891	-1643.47286821705	2700.27628478677	1	112
0	69	3450	571.984496124031	-1773.52713178295	1863.4818890927	1	112
0	70	3500	1166.13178294574	-1698.35658914729	2060.16466310249	1	112
0	71	3550	2459	-1261.62790697674	2763.76301003949	1	112
0	72	3600	1135.87596899225	-2319.07751937984	2582.31190173206	1	112
0	73	3650	-590.604651162791	-1221.41085271318	1356.70863677529	1	112
0	74	3700	-1476.62015503876	-478.651162790698	1552.26093744176	1	112
0	75	3750	-1505.36434108527	-53.7286821705426	1506.32286402978	1	112
0	76	3800	-1382.87596899225	-96.5968992248062	1386.24561552277	1	112
0	77	3850	-1961.52713178295	645.209302325581	2064.91736699755	1	112
0	78	3900	-1791.7519379845	444.248062015504	1846.00415705808	1	112
0	79	3950	-1270.2015503876	504.054263565891	1366.55869951715	1	112
0	80	4000	-1605.43410852713	47.6589147286822	1606.14135398334	1	112
0	81	4050	-1336.2480620155	634.046511627907	1479.04491552749	1	112
0	82	4100	-1101.97674418605	34.4496124031008	1102.51508856868	1	112
0	83	4150	-938.263565891473	-473.84496124031	1051.12680794099	1	112
0	84	4200	-1366.84496124031	-480.054263565891	1448.6950141544	1	112
0	85	4250	-288.674418604651	344.395348837209	449.378544500554	1	112
0	86	4300	-403.751937984496	307.240310077519	507.35809401523	1	112
0	87	4350	186.84496124031	-337.511627906977	385.7786133436	1	112
0	88	4400	-504.837209302326	-18.8294573643411	505.188238541631	1	112
0	89	4450	-389.945736434109	435.387596899225	584.482708809098	1	112
0	90	4500	-1779.29457364341	-37.5116279069767	1779.68994547509	1	112
0	91	4550	-807.84496124031	414.286821705426	907.880527404428	1	112
0	92	4600	282.255813953488	-475.457364341085	552.926803308284	1	112
0	93	4650	-1078.67441860465	-715.403100775194	1294.34929518691	1	112
0	94	4700	-631.186046511628	407.317829457364	751.201463992741	1	112
0	95	4750	-824.62015503876	728.992248062016	1100.64894395564	1	112
0	96	4800	-733.085271317829	181.759689922481	755.28180165012	1	112
0	97	4850	-427.68992248062	344.426356589147	549.134031821698	1	112
0	98	4900	699.410852713178	879.744186046512	1123.88850593625	1	112
0	99	4950	1644.55813953488	853.124031007752	1852.67160786615	1	112
0	100	5000	-362.341085271318	711.279069767442	798.253704761108	1	112
0	101	5050	63.8527131782946	193.581395348837	203.84044153561	1	112
0	102	5100	112.364341085271	-40.6821705426357	119.502234906245	1	112


