##TITLE= Parameter file, TOPSPIN		Version 3.2
##$DATE= 1616054059
##$SFO1= 99.4142580346981
##$SW_h= 20000
##$PULPROG= <cmpg.vojta>
##$NS= 720
##$RG= 203
##$FW= 125000
##$D= (0..63) 0 60 0 0.0001 0 0 0.0025 0 0 0 0 0 0 0 0 0 0 0 0 0 0 0 0 0 0 0 0 0 0 0 0 0 0 0 0 0 0 0 0 0 0 0 0 0 0 0 0 0 0 0 0 0 0 0 0 0 0 0 0 0 0 0 0 0 
##$P= (0..63) 0 7 4 2.65 5.3 0 0 0 0 0 0 0 0 0 0 0 0 0 0 0 0 0 0 0 0 3.723099e-05 0 0 0 0 0 0 0 0 0 0 0 0 0 0 0 0 0 0 0 0 0 0 0 0 0 0 0 0 0 0 0 0 0 0 0 0 0 0 
##$PL= (0..63) 120 120 120 120 120 120 120 120 120 120 120 120 120 120 120 120 120 120 120 120 120 120 120 120 120 120 120 120 120 120 120 120 120 120 120 120 120 120 120 120 120 120 120 120 120 120 120 120 120 120 120 120 120 120 120 120 120 120 120 120 120 120 120 120 
##%ExpCount= 1
##%EchoCount= 129
##%FirstEcho= 0
##%LastEcho= 128
##%EchoBegin= 0
##%EchoEnd= 102
##%DFTLength= 256
##%filter= 0
##%ExpFlags= (0..0) 0 
# Fourier transform output data
#Experiment	Point	Frequency [MHz]	Real	Imag	Modulus	Processed	Flag
0	0	99.4043361596981	-7104.35119583405	394.705926203518	7115.30734978672	1	112
0	1	99.4044142846981	-1734.24896369531	1615.6843210911	2370.2437202739	1	112
0	2	99.4044924096981	-263.740107317826	151.733805843163	304.272890747219	1	112
0	3	99.4045705346981	1051.76710364918	-1866.82383015071	2142.71912604922	1	112
0	4	99.4046486596981	-866.282305669185	-4952.03934900434	5027.23967473233	1	112
0	5	99.4047267846981	-4772.82053612183	-4498.2554516134	6558.51492168737	1	112
0	6	99.4048049096981	-6054.2571831111	-956.84283363034	6129.4027643419	1	112
0	7	99.4048830346981	-3444.00792983124	229.039861632453	3451.61554622717	1	112
0	8	99.4049611596981	-4380.8688509409	-2284.73341872204	4940.85202002342	1	112
0	9	99.4050392846981	-7834.04447442183	80.4824011556047	7834.457878125	1	112
0	10	99.4051174096981	-7543.8778556758	3695.78670853048	8400.53167938233	1	112
0	11	99.4051955346981	-6102.30047151272	8610.97928401913	10554.0056506727	1	112
0	12	99.4052736596981	3908.13588919892	10484.2517282378	11188.970481215	1	112
0	13	99.4053517846981	7220.58241410332	-1440.88847042526	7362.94574087454	1	112
0	14	99.4054299096981	-2487.60335644655	-2798.04864847814	3743.96136441797	1	112
0	15	99.4055080346981	-6.53192827612656	1410.05715253123	1410.07228165491	1	112
0	16	99.4055861596981	-2631.85963472596	-3924.18195310379	4725.02795102477	1	112
0	17	99.4056642846981	-7971.04093334278	4046.43219995026	8939.3012651896	1	112
0	18	99.4057424096981	1172.54402216065	6528.69166709586	6633.14965667982	1	112
0	19	99.4058205346981	-493.450673141662	999.663781037138	1114.81892787189	1	112
0	20	99.4058986596981	158.68833397667	5538.59573797212	5540.86859039476	1	112
0	21	99.4059767846981	4041.73894771897	-405.423173162002	4062.02186981375	1	112
0	22	99.4060549096981	-3942.5039864608	-1.38236177952922	3942.50422880983	1	112
0	23	99.4061330346981	1785.26365266186	6427.12235133286	6670.46235492847	1	112
0	24	99.4062111596981	4240.30189678101	-2231.82861538692	4791.78663384593	1	112
0	25	99.4062892846981	-3380.70148771645	-273.26178628318	3391.72737007132	1	112
0	26	99.4063674096981	1266.82534783401	3571.16654609137	3789.2053206229	1	112
0	27	99.4064455346981	1225.70424278248	-547.277412530038	1342.33507629077	1	112
0	28	99.4065236596981	790.564416311562	1668.43467142473	1846.25738973475	1	112
0	29	99.4066017846981	3581.71593747721	-2935.47915378353	4630.95313289564	1	112
0	30	99.4066799096981	-4778.49743810713	-6032.02994731046	7695.4157165969	1	112
0	31	99.4067580346981	-8723.22273828009	2977.14938060439	9217.26821656394	1	112
0	32	99.4068361596981	-1777.9383208586	7719.90309898027	7921.99271209099	1	112
0	33	99.4069142846981	2723.7851764539	3227.45730036112	4223.20805941695	1	112
0	34	99.4069924096981	-868.900526135407	-156.036068299101	882.799738858496	1	112
0	35	99.4070705346981	-3410.46205405297	3552.07380153079	4924.27453678779	1	112
0	36	99.4071486596981	-682.378560728823	6058.65770538515	6096.96430128677	1	112
0	37	99.4072267846981	2039.25281705191	5945.04001366777	6285.06585613588	1	112
0	38	99.4073049096981	3931.23792484198	3001.24810927748	4945.91971580185	1	112
0	39	99.4073830346981	112.918247558056	2132.63914629873	2135.62643244491	1	112
0	40	99.4074611596981	2985.39976895305	7207.94714115819	7801.73786859027	1	112
0	41	99.4075392846981	7340.73841116895	225.232660349351	7344.19295583247	1	112
0	42	99.4076174096981	-2441.65128038226	438.328696188006	2480.68398247222	1	112
0	43	99.4076955346981	4002.8333917974	11096.6760744841	11796.562849598	1	112
0	44	99.4077736596981	12373.4256503934	1904.628092855	12519.1561416058	1	112
0	45	99.4078517846981	6499.18901606284	230.084507723093	6503.26047050294	1	112
0	46	99.4079299096981	13676.567965426	-304.653433471996	13679.9607100109	1	112
0	47	99.4080080346981	8593.40757567145	-12043.0810315238	14794.6765592714	1	112
0	48	99.4080861596981	1685.243699258	-5987.54327756939	6220.18655883047	1	112
0	49	99.4081642846981	6685.78077197175	-10851.1744865783	12745.4953716611	1	112
0	50	99.4082424096981	-8151.96557716725	-13511.798392546	15780.4701632153	1	112
0	51	99.4083205346981	-5803.99237128352	2572.31832015927	6348.47611526926	1	112
0	52	99.4083986596981	3501.50977250083	-7503.14124645227	8279.95768413898	1	112
0	53	99.4084767846981	-13213.6583448176	-8022.11430544891	15458.1721035592	1	112
0	54	99.4085549096981	-7958.56335399585	9630.39010339013	12493.3239853548	1	112
0	55	99.4086330346981	4616.69199983228	2763.87374690651	5380.78461845058	1	112
0	56	99.4087111596981	-697.748147891334	-3204.22109913422	3279.31171589752	1	112
0	57	99.4087892846981	-3134.64161784774	-1275.52912862943	3384.2211260976	1	112
0	58	99.4088674096981	-4368.28736023376	1456.1955281713	4604.61071946849	1	112
0	59	99.4089455346981	165.073446647846	2789.05649238505	2793.93725063814	1	112
0	60	99.4090236596981	-2746.69498087654	-2822.58061820683	3938.43809958329	1	112
0	61	99.4091017846981	-7781.07992324784	6209.47202485481	9955.03629322491	1	112
0	62	99.4091799096981	4570.57418772757	8414.95587630795	9576.0968460919	1	112
0	63	99.4092580346981	1260.7054263566	-1841.44961240313	2231.66190249881	1	112
0	64	99.4093361596981	-3185.19125753337	8506.13384935541	9082.93765310634	1	112
0	65	99.4094142846981	12525.4140433186	7302.91115776035	14498.9140398412	1	112
0	66	99.4094924096981	8232.76450633189	-9199.37224924733	12345.3173793524	1	112
0	67	99.4095705346981	-4761.71814070302	-4227.54888188484	6367.58425152161	1	112
0	68	99.4096486596981	-623.104919299178	4286.78724713688	4331.83617449577	1	112
0	69	99.4097267846981	5631.92211162455	2405.11681585276	6123.98020647546	1	112
0	70	99.4098049096981	7506.09628975721	-4143.82871298704	8573.9604567366	1	112
0	71	99.4098830346981	115.168075974634	-10097.6163771968	10098.2731289442	1	112
0	72	99.4099611596981	-7975.17527007912	-2978.64757091239	8513.26975610334	1	112
0	73	99.4100392846981	-1925.68781233883	3688.24236517177	4160.69769327671	1	112
0	74	99.4101174096981	45.2456996096662	-1940.77826229226	1941.3056010632	1	112
0	75	99.4101955346981	-6550.10269649164	2392.15293562602	6973.25182407829	1	112
0	76	99.4102736596981	4011.45604047015	10651.9084367509	11382.2200343144	1	112
0	77	99.4103517846981	13232.4272851485	-4901.70567541506	14111.1250573843	1	112
0	78	99.4104299096981	-5022.07828745094	-13186.1263961602	14110.109838722	1	112
0	79	99.4105080346981	-9855.31232854445	4469.29798462155	10821.3587672021	1	112
0	80	99.4105861596981	3857.05080055976	3623.97071033542	5292.44788235725	1	112
0	81	99.4106642846981	-3087.53204770214	-4408.10527671058	5381.84413339438	1	112
0	82	99.4107424096981	-6032.35834999258	5912.37957915481	8446.63125457315	1	112
0	83	99.4108205346981	2560.68937203713	5639.94415367692	6194.03746490594	1	112
0	84	99.4108986596981	779.54040667634	2794.02318072466	2900.73245578903	1	112
0	85	99.4109767846981	3079.88924765119	4494.92238639636	5448.85722308124	1	112
0	86	99.4110549096981	2244.90873035467	2148.75152800828	3107.53090680375	1	112
0	87	99.4111330346981	5262.516623028	8295.14104473444	9823.61675553785	1	112
0	88	99.4112111596981	17099.7142223575	-1467.41152025728	17162.5616694036	1	112
0	89	99.4112892846981	3753.54723243668	-15050.6843362941	15511.6799804825	1	112
0	90	99.4113674096981	-5281.48599529139	-2839.47795808462	5996.39303189071	1	112
0	91	99.4114455346981	2438.04768573937	-2241.48086103501	3311.84434542528	1	112
0	92	99.4115236596981	-3978.60634836868	-4122.96377648912	5729.58452049719	1	112
0	93	99.4116017846981	-148.734276717963	4461.3321370284	4463.81073993435	1	112
0	94	99.4116799096981	7053.57336365187	-3397.57544152865	7829.20277405674	1	112
0	95	99.4117580346981	-1158.64013218497	-9965.25493143419	10032.3852001597	1	112
0	96	99.4118361596981	-10849.6322750071	-6157.36920674393	12475.0838093792	1	112
0	97	99.4119142846981	-14509.3348758711	9298.83990800611	17233.3752403555	1	112
0	98	99.4119924096981	5001.82276299481	19007.5184111154	19654.6174498845	1	112
0	99	99.4120705346981	14826.3873462964	1141.01191715919	14870.2276356994	1	112
0	100	99.4121486596981	4813.20625334126	-2024.06237994825	5221.47325523412	1	112
0	101	99.4122267846981	11005.2583678966	-2937.14925480493	11390.4590552427	1	112
0	102	99.4123049096981	596.578216738729	-15172.9781437003	15184.7018843932	1	112
0	103	99.4123830346981	-11276.2812294497	-315.376495021289	11280.6906126909	1	112
0	104	99.4124611596981	1344.12389487926	6719.25527213647	6852.37626352487	1	112
0	105	99.4125392846981	3724.74954226108	1885.20172704726	4174.65504014836	1	112
0	106	99.4126174096981	7902.26824397964	261.312557006037	7906.58761111632	1	112
0	107	99.4126955346981	2184.95009470549	-8711.92849774658	8981.74287464313	1	112
0	108	99.4127736596981	-5300.12993496141	3783.99353973116	6512.29486711107	1	112
0	109	99.4128517846981	11350.4789940509	7002.7863725133	13336.8808337425	1	112
0	110	99.4129299096981	12870.2097367885	-5156.36183312298	13864.7165864656	1	112
0	111	99.4130080346981	14103.1663296959	-9308.6264740788	16898.2196505132	1	112
0	112	99.4130861596981	4006.79612577968	-22344.2103623186	22700.6200776347	1	112
0	113	99.4131642846981	-3400.7917558349	98.0503445605405	3402.20493748143	1	112
0	114	99.4132424096981	48168.6080309402	-21671.9755936314	52819.4029289362	1	112
0	115	99.4133205346981	-11607.5903262278	-129755.393039642	130273.551329706	1	112
0	116	99.4133986596981	-203556.584582963	-53655.0701436025	210509.262692158	1	112
0	117	99.4134767846981	-161616.96570937	235361.421472479	285508.392735922	1	112
0	118	99.4135549096981	214922.722441717	289951.001314065	360920.157077418	1	112
0	119	99.4136330346981	419181.835528215	-139935.731811423	441922.414315457	1	112
0	120	99.4137111596981	-6985.68965013513	-520327.965785839	520374.857039343	1	112
0	121	99.4137892846981	-552294.810214665	-171407.798038483	578282.102972636	1	112
0	122	99.4138674096981	-355793.747497493	488679.118671554	604480.332007516	1	112
0	123	99.4139455346981	341952.088531124	501010.382202438	606582.751094549	1	112
0	124	99.4140236596981	585400.594816458	-151589.22965272	604709.145753699	1	112
0	125	99.4141017846981	47866.6658278113	-611804.951295552	613674.601174942	1	112
0	126	99.4141799096981	-585255.694924126	-239944.357045883	632532.625972198	1	112
0	127	99.4142580346981	-412968.449612403	500693.472868217	649027.652837772	1	112
0	128	99.4143361596981	354279.453709893	545752.879490513	650661.30728142	1	112
0	129	99.4144142846981	611810.376253208	-160788.938396704	632585.977715149	1	112
0	130	99.4144924096981	44038.8751117429	-596545.867986897	598169.202762352	1	112
0	131	99.4145705346981	-509536.082622851	-219639.903613261	554859.177408	1	112
0	132	99.4146486596981	-341667.545218872	379490.506744592	510636.618511791	1	112
0	133	99.4147267846981	235319.774680749	409080.109386192	471934.245686004	1	112
0	134	99.4148049096981	430839.345771399	-92100.8578007267	440573.614589386	1	112
0	135	99.4148830346981	42988.9988068359	-409061.821908854	411314.512461942	1	112
0	136	99.4149611596981	-341083.80161268	-155266.148904168	374760.906069576	1	112
0	137	99.4150392846981	-222767.982130512	236905.512940543	325191.937052753	1	112
0	138	99.4151174096981	124804.390919989	235201.575699572	266262.872373283	1	112
0	139	99.4151955346981	205725.62666981	-33804.0308414965	208484.40222189	1	112
0	140	99.4152736596981	25092.6948106332	-158722.306740665	160693.540598051	1	112
0	141	99.4153517846981	-110397.796100971	-57012.3096491609	124250.057688048	1	112
0	142	99.4154299096981	-69409.1847943522	65489.884775232	95428.2973844221	1	112
0	143	99.4155080346981	26575.4286092507	66992.440176556	72071.0791273089	1	112
0	144	99.4155861596981	55797.0362222694	2133.55475624397	55837.812520613	1	112
0	145	99.4156642846981	18875.7669087603	-43148.73655933	47096.7944032321	1	112
0	146	99.4157424096981	-32566.8813459591	-25467.5900272112	41342.4709275568	1	112
0	147	99.4158205346981	-23952.3059971587	23218.7487526251	33359.005623955	1	112
0	148	99.4158986596981	14308.2792430186	16100.7942652096	21539.7871592735	1	112
0	149	99.4159767846981	5465.45887063172	-6738.1052693568	8676.01886163814	1	112
0	150	99.4160549096981	-1751.32614108245	3752.72765841002	4141.26890344425	1	112
0	151	99.4161330346981	8971.00799593318	1072.82386485987	9034.92863879455	1	112
0	152	99.4162111596981	6008.11229693629	-8001.54196120685	10006.1024944556	1	112
0	153	99.4162892846981	907.202721673241	-12778.3071627206	12810.4703552621	1	112
0	154	99.4163674096981	-12501.6469286499	-13443.1156110107	18357.7921673502	1	112
0	155	99.4164455346981	-17966.6769935518	1810.75192334973	18057.6937818355	1	112
0	156	99.4165236596981	-9416.24074605646	7505.66278377998	12041.6179814639	1	112
0	157	99.4166017846981	-8822.43969630854	8528.65814331607	12270.8374579958	1	112
0	158	99.4166799096981	-2899.39709738741	14631.3467891138	14915.8577491088	1	112
0	159	99.4167580346981	6593.269249908	10762.6800767599	12621.6671575695	1	112
0	160	99.4168361596981	7492.10123020383	2226.13360570581	7815.83339600292	1	112
0	161	99.4169142846981	818.740519056613	-665.596141334213	1055.15603628283	1	112
0	162	99.4169924096981	108.726698597413	6409.34431258454	6410.26645407566	1	112
0	163	99.4170705346981	8496.71397908061	3449.10170411922	9170.08456927536	1	112
0	164	99.4171486596981	3368.01667981415	-2795.95259496142	4377.3150753376	1	112
0	165	99.4172267846981	4681.95904186233	2197.14335274968	5171.86420763428	1	112
0	166	99.4173049096981	7972.93452130558	-8648.68598469979	11762.969614131	1	112
0	167	99.4173830346981	-8102.98279599768	-9494.01849642546	12481.7754106819	1	112
0	168	99.4174611596981	-6530.49855780551	3637.67582233404	7475.29911119907	1	112
0	169	99.4175392846981	-2960.32615837432	879.900966223917	3088.32586919144	1	112
0	170	99.4176174096981	-4491.62895252055	7709.12163359671	8922.17949879455	1	112
0	171	99.4176955346981	7494.35438999854	5731.5007053976	9434.7998420138	1	112
0	172	99.4177736596981	1750.87423474386	-3537.07807014629	3946.70519043413	1	112
0	173	99.4178517846981	871.692087785269	3368.04064382814	3479.01492873855	1	112
0	174	99.4179299096981	4692.39480932354	-4320.46385103976	6378.47763456985	1	112
0	175	99.4180080346981	-6336.01237467449	-1781.3096167782	6581.6500030657	1	112
0	176	99.4180861596981	2729.96509305508	5277.03499531937	5941.36413217744	1	112
0	177	99.4181642846981	1022.36364653685	-7230.02954262776	7301.95553348761	1	112
0	178	99.4182424096981	-10397.199858335	2493.8302611475	10692.0977485981	1	112
0	179	99.4183205346981	1723.47133013899	9362.81977300234	9520.12329371498	1	112
0	180	99.4183986596981	3589.27343199608	1252.55739970332	3801.55018501459	1	112
0	181	99.4184767846981	2262.06347298925	1274.46352995493	2596.37987301884	1	112
0	182	99.4185549096981	-1063.60616206858	-2005.64269742077	2270.21159756255	1	112
0	183	99.4186330346981	-4216.79766515188	8741.72171130344	9705.62110463335	1	112
0	184	99.4187111596981	13737.8008553181	7956.29004855938	15875.4440466143	1	112
0	185	99.4187892846981	7943.3468845169	-12550.7308253091	14853.201808941	1	112
0	186	99.4188674096981	-9436.53942642275	-3227.50807538645	9973.21837337956	1	112
0	187	99.4189455346981	433.760755264113	8338.32993447542	8349.60445104893	1	112
0	188	99.4190236596981	7498.19353436762	996.546270676125	7564.12656877388	1	112
0	189	99.4191017846981	4060.46367538757	-4517.84658991332	6074.39734205241	1	112
0	190	99.4191799096981	-1636.04592731401	-3470.97456997979	3837.22695989267	1	112
0	191	99.4192580346981	455.263565891495	2072.47286821705	2121.8880045667	1	112
0	192	99.4193361596981	4471.52573659779	-3568.08356723348	5720.64356133276	1	112
0	193	99.4194142846981	-4130.72741113186	-5074.00974271372	6542.81925581242	1	112
0	194	99.4194924096981	-3558.5355453061	3457.7936752442	4961.805349645	1	112
0	195	99.4195705346981	2073.74942229698	3055.49776982726	3692.76363823849	1	112
0	196	99.4196486596981	5152.70815585116	939.910190171009	5237.73161826399	1	112
0	197	99.4197267846981	5044.9901322435	-7853.59896182342	9334.39564661731	1	112
0	198	99.4198049096981	-8392.39909456005	-7519.55934475103	11268.3687950655	1	112
0	199	99.4198830346981	-6158.07338286263	6077.30734237228	8651.90917210607	1	112
0	200	99.4199611596981	2418.42591412762	1470.41741580637	2830.35532730975	1	112
0	201	99.4200392846981	-3682.07727006119	180.84791614188	3686.51583361229	1	112
0	202	99.4201174096981	62.733794087595	5899.85371020882	5900.18722845177	1	112
0	203	99.4201955346981	3480.91311256356	2319.16954221668	4182.73875143577	1	112
0	204	99.4202736596981	4821.22909130598	2069.60811415666	5246.6682472821	1	112
0	205	99.4203517846981	7166.37026163708	-5735.07559712014	9178.6684672429	1	112
0	206	99.4204299096981	-4858.09779408209	-9292.74343017052	10485.9999349534	1	112
0	207	99.4205080346981	-8459.28977878671	2535.15042272528	8831.00057905838	1	112
0	208	99.4205861596981	-806.151493734059	5745.31802799688	5801.59973401093	1	112
0	209	99.4206642846981	2096.48238486937	3809.36558960551	4348.1610578885	1	112
0	210	99.4207424096981	4754.5114611885	1132.2642339728	4887.47394162944	1	112
0	211	99.4208205346981	2567.82079155017	-3784.14603389893	4573.12418630746	1	112
0	212	99.4208986596981	-2827.59426945728	-2666.2566337397	3886.41400131645	1	112
0	213	99.4209767846981	-3194.97589444271	2595.584890447	4116.42221954779	1	112
0	214	99.4210549096981	1799.46690846616	3954.53844759242	4344.70430387977	1	112
0	215	99.4211330346981	2415.71382369021	-332.8752820736	2438.54038953296	1	112
0	216	99.4212111596981	-544.777311341122	1888.42938361941	1965.43833682699	1	112
0	217	99.4212892846981	5131.96304155877	3411.06491238693	6162.1756301198	1	112
0	218	99.4213674096981	5833.73094206428	-3691.41527388234	6903.54716277437	1	112
0	219	99.4214455346981	978.814447691503	-4381.56576806569	4489.56526880886	1	112
0	220	99.4215236596981	-109.183947984974	-4366.07796751701	4367.44295359826	1	112
0	221	99.4216017846981	-4295.81314182965	-2918.16552817854	5193.23604310124	1	112
0	222	99.4216799096981	-2712.19642222989	2003.58707635886	3371.99801383525	1	112
0	223	99.4217580346981	-676.305604249106	685.7355515892	963.131619796637	1	112
0	224	99.4218361596981	-901.097392564803	2597.8123125799	2749.65549156232	1	112
0	225	99.4219142846981	2884.89201587496	575.631498535652	2941.76028346388	1	112
0	226	99.4219924096981	-2019.20932036496	-1699.77627596028	2639.402520982	1	112
0	227	99.4220705346981	-611.801818278153	5169.48374262177	5205.56083722774	1	112
0	228	99.4221486596981	5767.22326077204	341.004271961612	5777.29591185065	1	112
0	229	99.4222267846981	-386.836582895022	-3161.68366258374	3185.26076234189	1	112
0	230	99.4223049096981	-717.191170950288	1815.24292816471	1951.78637763999	1	112
0	231	99.4223830346981	1397.74857986578	1183.61436905414	1831.56874486005	1	112
0	232	99.4224611596981	2757.35363670205	1979.26166780896	3394.18264498125	1	112
0	233	99.4225392846981	4616.66557984294	-2813.9835118888	5406.67220028074	1	112
0	234	99.4226174096981	-2767.06219973918	-2951.61986485481	4045.82414890106	1	112
0	235	99.4226955346981	411.445389599391	4660.25363277342	4678.38126176142	1	112
0	236	99.4227736596981	5459.85888047726	-725.452383729934	5507.8435122819	1	112
0	237	99.4228517846981	735.492966649867	-1012.75958047662	1251.65165754638	1	112
0	238	99.4229299096981	5451.25328115079	1030.63667806924	5547.82608752644	1	112
0	239	99.4230080346981	5061.73304295051	-5998.51776134013	7848.7805888055	1	112
0	240	99.4230861596981	188.602552415278	-4644.39099690757	4648.2188690867	1	112
0	241	99.4231642846981	1479.72971671572	-4972.78644248103	5188.27572870359	1	112
0	242	99.4232424096981	-3349.06581161013	-5773.78070159322	6674.78729253495	1	112
0	243	99.4233205346981	-3022.11007003515	182.795093931032	3027.63328720193	1	112
0	244	99.4233986596981	1268.48048465676	-2059.34849600259	2418.66884214089	1	112
0	245	99.4234767846981	-2833.06953825935	-4411.96504300056	5243.25457605026	1	112
0	246	99.4235549096981	-4604.00089366372	378.132276558637	4619.50303035204	1	112
0	247	99.4236330346981	-350.991648131108	2474.28096350712	2499.05210498531	1	112
0	248	99.4237111596981	1482.41654546445	-1037.63023754084	1809.48482285036	1	112
0	249	99.4237892846981	-1948.80699903524	-1053.24884630629	2215.21598308929	1	112
0	250	99.4238674096981	1042.42703674076	2726.09863844409	2918.60718724786	1	112
0	251	99.4239455346981	4409.2509495691	-2974.61275714455	5318.81706690907	1	112
0	252	99.4240236596981	-2207.36708121613	-3937.18739039823	4513.74722136137	1	112
0	253	99.4241017846981	1290.36947992027	1584.92889179284	2043.78398730134	1	112
0	254	99.4241799096981	4895.07373520057	-6645.24005507676	8253.54240690911	1	112
0	255	99.4242580346981	-5664.29457364342	-8791.87596899224	10458.5522932741	1	112


