   152.0    -30.00    -40.00
   146.8     82.50     72.50
   142.9     -7.50    -17.50
   141.5    -18.75    -28.75
   141.0      3.75     -6.25
   139.9    195.00    185.00
   135.8    127.50    117.50
   135.5     26.25     16.25
   133.7    240.00    230.00
   131.9    228.75    218.75
   129.6     37.50     27.50
   128.0    217.50    207.50
   123.9    172.50    162.50
   122.5    150.00    140.00
   122.3    161.25    151.25
   121.0     71.25     61.25
   120.1     60.00     50.00
   119.0    116.25    106.25
   118.5    206.25    196.25
    98.0     15.00      5.00
    83.1     93.75     83.75
    49.6    105.00     95.00
    15.5    138.75    128.75
     4.6    183.75    173.75
     3.1     48.75     38.75
