##TITLE= rvega4, 1.2000ms, 0.415006 W
##JCAMP-DX= 5.00 Bruker JCAMP library 
##DATA TYPE= Shape Data 
##ORIGIN= Bruker BioSpin GmbH 
##OWNER= <WaveMaker> 
##DATE= Sep 11 2017 
##TIME= 12:13:47 
##$SHAPE_PARAMETERS= Type: rvega4
##MINX= 0.059654 
##MAXX= 100.000000 
##MINY= 0.000000 
##MAXY= 180.000000 
##$SHAPE_EXMODE= excitation
##$SHAPE_TOTROT= 180.00 
##$SHAPE_TYPE= refocusing
##$SHAPE_USER_DEF= Tp=1.2000 ms, gB1max=3354.6 Hz, f1=-500.0 Hz, f2=500.0 Hz
##$SHAPE_REPHFAC= 
##$SHAPE_BWFAC= 0.600 
##$SHAPE_BWFAC50= 
##$SHAPE_INTEGFAC= 0.124209 
##$SHAPE_MODE= 0 
##NPOINTS= 1000 
##XYPOINTS= (XY..XY) 
4.975330e+00,  1.800000e+02 
4.970493e+00,  1.800000e+02 
4.955987e+00,  1.800000e+02 
4.931816e+00,  1.800000e+02 
4.897995e+00,  1.800000e+02 
4.854539e+00,  1.800000e+02 
4.801471e+00,  1.800000e+02 
4.738816e+00,  1.800000e+02 
4.666605e+00,  1.800000e+02 
4.584876e+00,  1.800000e+02 
4.493667e+00,  1.800000e+02 
4.393026e+00,  1.800000e+02 
4.283000e+00,  1.800000e+02 
4.163646e+00,  1.800000e+02 
4.035021e+00,  1.800000e+02 
3.897191e+00,  1.800000e+02 
3.750222e+00,  1.800000e+02 
3.594188e+00,  1.800000e+02 
3.429165e+00,  1.800000e+02 
3.255235e+00,  1.800000e+02 
3.072484e+00,  1.800000e+02 
2.881001e+00,  1.800000e+02 
2.680880e+00,  1.800000e+02 
2.472220e+00,  1.800000e+02 
2.255123e+00,  1.800000e+02 
2.029695e+00,  1.800000e+02 
1.796046e+00,  1.800000e+02 
1.554289e+00,  1.800000e+02 
1.304544e+00,  1.800000e+02 
1.046930e+00,  1.800000e+02 
7.815731e-01,  1.800000e+02 
5.086017e-01,  1.800000e+02 
2.281474e-01,  1.800000e+02 
5.965436e-02,  0.000000e+00 
3.546653e-01,  0.000000e+00 
6.567436e-01,  0.000000e+00 
9.657448e-01,  0.000000e+00 
1.281521e+00,  0.000000e+00 
1.603922e+00,  0.000000e+00 
1.932794e+00,  0.000000e+00 
2.267981e+00,  0.000000e+00 
2.609324e+00,  0.000000e+00 
2.956663e+00,  0.000000e+00 
3.309834e+00,  0.000000e+00 
3.668672e+00,  0.000000e+00 
4.033007e+00,  0.000000e+00 
4.402671e+00,  0.000000e+00 
4.777491e+00,  0.000000e+00 
5.157294e+00,  0.000000e+00 
5.541903e+00,  0.000000e+00 
5.931142e+00,  0.000000e+00 
6.324832e+00,  0.000000e+00 
6.722793e+00,  0.000000e+00 
7.124843e+00,  0.000000e+00 
7.530800e+00,  0.000000e+00 
7.940479e+00,  0.000000e+00 
8.353695e+00,  0.000000e+00 
8.770264e+00,  0.000000e+00 
9.189999e+00,  0.000000e+00 
9.612711e+00,  0.000000e+00 
1.003821e+01,  0.000000e+00 
1.046632e+01,  0.000000e+00 
1.089684e+01,  0.000000e+00 
1.132958e+01,  0.000000e+00 
1.176436e+01,  0.000000e+00 
1.220099e+01,  0.000000e+00 
1.263927e+01,  0.000000e+00 
1.307903e+01,  0.000000e+00 
1.352006e+01,  0.000000e+00 
1.396219e+01,  0.000000e+00 
1.440522e+01,  0.000000e+00 
1.484897e+01,  0.000000e+00 
1.529324e+01,  0.000000e+00 
1.573787e+01,  0.000000e+00 
1.618265e+01,  0.000000e+00 
1.662740e+01,  0.000000e+00 
1.707195e+01,  0.000000e+00 
1.751611e+01,  0.000000e+00 
1.795969e+01,  0.000000e+00 
1.840253e+01,  0.000000e+00 
1.884443e+01,  0.000000e+00 
1.928523e+01,  0.000000e+00 
1.972475e+01,  0.000000e+00 
2.016281e+01,  0.000000e+00 
2.059924e+01,  0.000000e+00 
2.103387e+01,  0.000000e+00 
2.146653e+01,  0.000000e+00 
2.189706e+01,  0.000000e+00 
2.232529e+01,  0.000000e+00 
2.275105e+01,  0.000000e+00 
2.317418e+01,  0.000000e+00 
2.359453e+01,  0.000000e+00 
2.401193e+01,  0.000000e+00 
2.442624e+01,  0.000000e+00 
2.483729e+01,  0.000000e+00 
2.524494e+01,  0.000000e+00 
2.564904e+01,  0.000000e+00 
2.604944e+01,  0.000000e+00 
2.644600e+01,  0.000000e+00 
2.683858e+01,  0.000000e+00 
2.722703e+01,  0.000000e+00 
2.761123e+01,  0.000000e+00 
2.799102e+01,  0.000000e+00 
2.836630e+01,  0.000000e+00 
2.873691e+01,  0.000000e+00 
2.910275e+01,  0.000000e+00 
2.946367e+01,  0.000000e+00 
2.981957e+01,  0.000000e+00 
3.017032e+01,  0.000000e+00 
3.051580e+01,  0.000000e+00 
3.085590e+01,  0.000000e+00 
3.119051e+01,  0.000000e+00 
3.151951e+01,  0.000000e+00 
3.184281e+01,  0.000000e+00 
3.216029e+01,  0.000000e+00 
3.247186e+01,  0.000000e+00 
3.277742e+01,  0.000000e+00 
3.307686e+01,  0.000000e+00 
3.337010e+01,  0.000000e+00 
3.365704e+01,  0.000000e+00 
3.393760e+01,  0.000000e+00 
3.421168e+01,  0.000000e+00 
3.447921e+01,  0.000000e+00 
3.474009e+01,  0.000000e+00 
3.499426e+01,  0.000000e+00 
3.524162e+01,  0.000000e+00 
3.548212e+01,  0.000000e+00 
3.571567e+01,  0.000000e+00 
3.594220e+01,  0.000000e+00 
3.616165e+01,  0.000000e+00 
3.637394e+01,  0.000000e+00 
3.657902e+01,  0.000000e+00 
3.677683e+01,  0.000000e+00 
3.696730e+01,  0.000000e+00 
3.715037e+01,  0.000000e+00 
3.732599e+01,  0.000000e+00 
3.749411e+01,  0.000000e+00 
3.765467e+01,  0.000000e+00 
3.780762e+01,  0.000000e+00 
3.795292e+01,  0.000000e+00 
3.809051e+01,  0.000000e+00 
3.822036e+01,  0.000000e+00 
3.834242e+01,  0.000000e+00 
3.845664e+01,  0.000000e+00 
3.856299e+01,  0.000000e+00 
3.866144e+01,  0.000000e+00 
3.875193e+01,  0.000000e+00 
3.883444e+01,  0.000000e+00 
3.890894e+01,  0.000000e+00 
3.897539e+01,  0.000000e+00 
3.903375e+01,  0.000000e+00 
3.908401e+01,  0.000000e+00 
3.912613e+01,  0.000000e+00 
3.916008e+01,  0.000000e+00 
3.918584e+01,  0.000000e+00 
3.920338e+01,  0.000000e+00 
3.921268e+01,  0.000000e+00 
3.921371e+01,  0.000000e+00 
3.920646e+01,  0.000000e+00 
3.919090e+01,  0.000000e+00 
3.916702e+01,  0.000000e+00 
3.913479e+01,  0.000000e+00 
3.909419e+01,  0.000000e+00 
3.904522e+01,  0.000000e+00 
3.898784e+01,  0.000000e+00 
3.892206e+01,  0.000000e+00 
3.884785e+01,  0.000000e+00 
3.876519e+01,  0.000000e+00 
3.867408e+01,  0.000000e+00 
3.857450e+01,  0.000000e+00 
3.846645e+01,  0.000000e+00 
3.834990e+01,  0.000000e+00 
3.822486e+01,  0.000000e+00 
3.809130e+01,  0.000000e+00 
3.794923e+01,  0.000000e+00 
3.779863e+01,  0.000000e+00 
3.763950e+01,  0.000000e+00 
3.747183e+01,  0.000000e+00 
3.729560e+01,  0.000000e+00 
3.711083e+01,  0.000000e+00 
3.691750e+01,  0.000000e+00 
3.671560e+01,  0.000000e+00 
3.650514e+01,  0.000000e+00 
3.628611e+01,  0.000000e+00 
3.605851e+01,  0.000000e+00 
3.582233e+01,  0.000000e+00 
3.557759e+01,  0.000000e+00 
3.532427e+01,  0.000000e+00 
3.506238e+01,  0.000000e+00 
3.479191e+01,  0.000000e+00 
3.451288e+01,  0.000000e+00 
3.422528e+01,  0.000000e+00 
3.392913e+01,  0.000000e+00 
3.362441e+01,  0.000000e+00 
3.331115e+01,  0.000000e+00 
3.298934e+01,  0.000000e+00 
3.265900e+01,  0.000000e+00 
3.232013e+01,  0.000000e+00 
3.197275e+01,  0.000000e+00 
3.161687e+01,  0.000000e+00 
3.125249e+01,  0.000000e+00 
3.087964e+01,  0.000000e+00 
3.049832e+01,  0.000000e+00 
3.010857e+01,  0.000000e+00 
2.971038e+01,  0.000000e+00 
2.930379e+01,  0.000000e+00 
2.888881e+01,  0.000000e+00 
2.846547e+01,  0.000000e+00 
2.803380e+01,  0.000000e+00 
2.759381e+01,  0.000000e+00 
2.714554e+01,  0.000000e+00 
2.668901e+01,  0.000000e+00 
2.622427e+01,  0.000000e+00 
2.575133e+01,  0.000000e+00 
2.527025e+01,  0.000000e+00 
2.478106e+01,  0.000000e+00 
2.428379e+01,  0.000000e+00 
2.377849e+01,  0.000000e+00 
2.326522e+01,  0.000000e+00 
2.274400e+01,  0.000000e+00 
2.221490e+01,  0.000000e+00 
2.167797e+01,  0.000000e+00 
2.113327e+01,  0.000000e+00 
2.058085e+01,  0.000000e+00 
2.002077e+01,  0.000000e+00 
1.945310e+01,  0.000000e+00 
1.887790e+01,  0.000000e+00 
1.829526e+01,  0.000000e+00 
1.770523e+01,  0.000000e+00 
1.710790e+01,  0.000000e+00 
1.650335e+01,  0.000000e+00 
1.589166e+01,  0.000000e+00 
1.527291e+01,  0.000000e+00 
1.464721e+01,  0.000000e+00 
1.401464e+01,  0.000000e+00 
1.337531e+01,  0.000000e+00 
1.272930e+01,  0.000000e+00 
1.207674e+01,  0.000000e+00 
1.141773e+01,  0.000000e+00 
1.075237e+01,  0.000000e+00 
1.008080e+01,  0.000000e+00 
9.403137e+00,  0.000000e+00 
8.719497e+00,  0.000000e+00 
8.030016e+00,  0.000000e+00 
7.334828e+00,  0.000000e+00 
6.634071e+00,  0.000000e+00 
5.927890e+00,  0.000000e+00 
5.216431e+00,  0.000000e+00 
4.499846e+00,  0.000000e+00 
3.778293e+00,  0.000000e+00 
3.051933e+00,  0.000000e+00 
2.320930e+00,  0.000000e+00 
1.585456e+00,  0.000000e+00 
8.456853e-01,  0.000000e+00 
1.017983e-01,  0.000000e+00 
6.460209e-01,  1.800000e+02 
1.397583e+00,  1.800000e+02 
2.152694e+00,  1.800000e+02 
2.911155e+00,  1.800000e+02 
3.672763e+00,  1.800000e+02 
4.437309e+00,  1.800000e+02 
5.204580e+00,  1.800000e+02 
5.974359e+00,  1.800000e+02 
6.746422e+00,  1.800000e+02 
7.520543e+00,  1.800000e+02 
8.296488e+00,  1.800000e+02 
9.074022e+00,  1.800000e+02 
9.852902e+00,  1.800000e+02 
1.063288e+01,  1.800000e+02 
1.141371e+01,  1.800000e+02 
1.219513e+01,  1.800000e+02 
1.297689e+01,  1.800000e+02 
1.375872e+01,  1.800000e+02 
1.454034e+01,  1.800000e+02 
1.532149e+01,  1.800000e+02 
1.610189e+01,  1.800000e+02 
1.688125e+01,  1.800000e+02 
1.765930e+01,  1.800000e+02 
1.843573e+01,  1.800000e+02 
1.921026e+01,  1.800000e+02 
1.998258e+01,  1.800000e+02 
2.075240e+01,  1.800000e+02 
2.151940e+01,  1.800000e+02 
2.228328e+01,  1.800000e+02 
2.304372e+01,  1.800000e+02 
2.380041e+01,  1.800000e+02 
2.455302e+01,  1.800000e+02 
2.530123e+01,  1.800000e+02 
2.604472e+01,  1.800000e+02 
2.678316e+01,  1.800000e+02 
2.751620e+01,  1.800000e+02 
2.824353e+01,  1.800000e+02 
2.896479e+01,  1.800000e+02 
2.967965e+01,  1.800000e+02 
3.038776e+01,  1.800000e+02 
3.108879e+01,  1.800000e+02 
3.178238e+01,  1.800000e+02 
3.246818e+01,  1.800000e+02 
3.314585e+01,  1.800000e+02 
3.381503e+01,  1.800000e+02 
3.447537e+01,  1.800000e+02 
3.512652e+01,  1.800000e+02 
3.576812e+01,  1.800000e+02 
3.639981e+01,  1.800000e+02 
3.702124e+01,  1.800000e+02 
3.763205e+01,  1.800000e+02 
3.823189e+01,  1.800000e+02 
3.882039e+01,  1.800000e+02 
3.939720e+01,  1.800000e+02 
3.996197e+01,  1.800000e+02 
4.051434e+01,  1.800000e+02 
4.105396e+01,  1.800000e+02 
4.158046e+01,  1.800000e+02 
4.209351e+01,  1.800000e+02 
4.259274e+01,  1.800000e+02 
4.307782e+01,  1.800000e+02 
4.354838e+01,  1.800000e+02 
4.400410e+01,  1.800000e+02 
4.444462e+01,  1.800000e+02 
4.486962e+01,  1.800000e+02 
4.527874e+01,  1.800000e+02 
4.567166e+01,  1.800000e+02 
4.604805e+01,  1.800000e+02 
4.640758e+01,  1.800000e+02 
4.674993e+01,  1.800000e+02 
4.707478e+01,  1.800000e+02 
4.738182e+01,  1.800000e+02 
4.767074e+01,  1.800000e+02 
4.794123e+01,  1.800000e+02 
4.819299e+01,  1.800000e+02 
4.842574e+01,  1.800000e+02 
4.863917e+01,  1.800000e+02 
4.883302e+01,  1.800000e+02 
4.900700e+01,  1.800000e+02 
4.916084e+01,  1.800000e+02 
4.929428e+01,  1.800000e+02 
4.940706e+01,  1.800000e+02 
4.949893e+01,  1.800000e+02 
4.956964e+01,  1.800000e+02 
4.961897e+01,  1.800000e+02 
4.964668e+01,  1.800000e+02 
4.965255e+01,  1.800000e+02 
4.963638e+01,  1.800000e+02 
4.959795e+01,  1.800000e+02 
4.953707e+01,  1.800000e+02 
4.945355e+01,  1.800000e+02 
4.934723e+01,  1.800000e+02 
4.921792e+01,  1.800000e+02 
4.906546e+01,  1.800000e+02 
4.888972e+01,  1.800000e+02 
4.869055e+01,  1.800000e+02 
4.846781e+01,  1.800000e+02 
4.822139e+01,  1.800000e+02 
4.795118e+01,  1.800000e+02 
4.765707e+01,  1.800000e+02 
4.733899e+01,  1.800000e+02 
4.699684e+01,  1.800000e+02 
4.663057e+01,  1.800000e+02 
4.624012e+01,  1.800000e+02 
4.582543e+01,  1.800000e+02 
4.538649e+01,  1.800000e+02 
4.492326e+01,  1.800000e+02 
4.443573e+01,  1.800000e+02 
4.392391e+01,  1.800000e+02 
4.338781e+01,  1.800000e+02 
4.282745e+01,  1.800000e+02 
4.224287e+01,  1.800000e+02 
4.163412e+01,  1.800000e+02 
4.100125e+01,  1.800000e+02 
4.034435e+01,  1.800000e+02 
3.966350e+01,  1.800000e+02 
3.895880e+01,  1.800000e+02 
3.823035e+01,  1.800000e+02 
3.747828e+01,  1.800000e+02 
3.670272e+01,  1.800000e+02 
3.590383e+01,  1.800000e+02 
3.508177e+01,  1.800000e+02 
3.423670e+01,  1.800000e+02 
3.336882e+01,  1.800000e+02 
3.247832e+01,  1.800000e+02 
3.156541e+01,  1.800000e+02 
3.063033e+01,  1.800000e+02 
2.967330e+01,  1.800000e+02 
2.869457e+01,  1.800000e+02 
2.769441e+01,  1.800000e+02 
2.667309e+01,  1.800000e+02 
2.563090e+01,  1.800000e+02 
2.456814e+01,  1.800000e+02 
2.348511e+01,  1.800000e+02 
2.238215e+01,  1.800000e+02 
2.125958e+01,  1.800000e+02 
2.011776e+01,  1.800000e+02 
1.895704e+01,  1.800000e+02 
1.777781e+01,  1.800000e+02 
1.658043e+01,  1.800000e+02 
1.536531e+01,  1.800000e+02 
1.413284e+01,  1.800000e+02 
1.288346e+01,  1.800000e+02 
1.161758e+01,  1.800000e+02 
1.033565e+01,  1.800000e+02 
9.038120e+00,  1.800000e+02 
7.725445e+00,  1.800000e+02 
6.398098e+00,  1.800000e+02 
5.056562e+00,  1.800000e+02 
3.701328e+00,  1.800000e+02 
2.332897e+00,  1.800000e+02 
9.517790e-01,  1.800000e+02 
4.415046e-01,  0.000000e+00 
1.846425e+00,  0.000000e+00 
3.262445e+00,  0.000000e+00 
4.689016e+00,  0.000000e+00 
6.125585e+00,  0.000000e+00 
7.571587e+00,  0.000000e+00 
9.026452e+00,  0.000000e+00 
1.048960e+01,  0.000000e+00 
1.196045e+01,  0.000000e+00 
1.343840e+01,  0.000000e+00 
1.492287e+01,  0.000000e+00 
1.641323e+01,  0.000000e+00 
1.790888e+01,  0.000000e+00 
1.940920e+01,  0.000000e+00 
2.091356e+01,  0.000000e+00 
2.242135e+01,  0.000000e+00 
2.393193e+01,  0.000000e+00 
2.544465e+01,  0.000000e+00 
2.695888e+01,  0.000000e+00 
2.847397e+01,  0.000000e+00 
2.998927e+01,  0.000000e+00 
3.150413e+01,  0.000000e+00 
3.301790e+01,  0.000000e+00 
3.452991e+01,  0.000000e+00 
3.603952e+01,  0.000000e+00 
3.754605e+01,  0.000000e+00 
3.904884e+01,  0.000000e+00 
4.054724e+01,  0.000000e+00 
4.204057e+01,  0.000000e+00 
4.352818e+01,  0.000000e+00 
4.500940e+01,  0.000000e+00 
4.648356e+01,  0.000000e+00 
4.795000e+01,  0.000000e+00 
4.940806e+01,  0.000000e+00 
5.085708e+01,  0.000000e+00 
5.229641e+01,  0.000000e+00 
5.372538e+01,  0.000000e+00 
5.514335e+01,  0.000000e+00 
5.654966e+01,  0.000000e+00 
5.794367e+01,  0.000000e+00 
5.932474e+01,  0.000000e+00 
6.069222e+01,  0.000000e+00 
6.204549e+01,  0.000000e+00 
6.338392e+01,  0.000000e+00 
6.470687e+01,  0.000000e+00 
6.601374e+01,  0.000000e+00 
6.730391e+01,  0.000000e+00 
6.857679e+01,  0.000000e+00 
6.983176e+01,  0.000000e+00 
7.106824e+01,  0.000000e+00 
7.228564e+01,  0.000000e+00 
7.348340e+01,  0.000000e+00 
7.466093e+01,  0.000000e+00 
7.581769e+01,  0.000000e+00 
7.695312e+01,  0.000000e+00 
7.806668e+01,  0.000000e+00 
7.915784e+01,  0.000000e+00 
8.022607e+01,  0.000000e+00 
8.127087e+01,  0.000000e+00 
8.229173e+01,  0.000000e+00 
8.328817e+01,  0.000000e+00 
8.425970e+01,  0.000000e+00 
8.520586e+01,  0.000000e+00 
8.612618e+01,  0.000000e+00 
8.702023e+01,  0.000000e+00 
8.788756e+01,  0.000000e+00 
8.872777e+01,  0.000000e+00 
8.954044e+01,  0.000000e+00 
9.032518e+01,  0.000000e+00 
9.108160e+01,  0.000000e+00 
9.180935e+01,  0.000000e+00 
9.250805e+01,  0.000000e+00 
9.317738e+01,  0.000000e+00 
9.381701e+01,  0.000000e+00 
9.442662e+01,  0.000000e+00 
9.500591e+01,  0.000000e+00 
9.555461e+01,  0.000000e+00 
9.607244e+01,  0.000000e+00 
9.655915e+01,  0.000000e+00 
9.701450e+01,  0.000000e+00 
9.743826e+01,  0.000000e+00 
9.783024e+01,  0.000000e+00 
9.819023e+01,  0.000000e+00 
9.851806e+01,  0.000000e+00 
9.881358e+01,  0.000000e+00 
9.907662e+01,  0.000000e+00 
9.930707e+01,  0.000000e+00 
9.950480e+01,  0.000000e+00 
9.966973e+01,  0.000000e+00 
9.980177e+01,  0.000000e+00 
9.990086e+01,  0.000000e+00 
9.996695e+01,  0.000000e+00 
1.000000e+02,  0.000000e+00 
1.000000e+02,  0.000000e+00 
9.996695e+01,  0.000000e+00 
9.990086e+01,  0.000000e+00 
9.980177e+01,  0.000000e+00 
9.966973e+01,  0.000000e+00 
9.950480e+01,  0.000000e+00 
9.930707e+01,  0.000000e+00 
9.907662e+01,  0.000000e+00 
9.881358e+01,  0.000000e+00 
9.851806e+01,  0.000000e+00 
9.819023e+01,  0.000000e+00 
9.783024e+01,  0.000000e+00 
9.743826e+01,  0.000000e+00 
9.701450e+01,  0.000000e+00 
9.655915e+01,  0.000000e+00 
9.607244e+01,  0.000000e+00 
9.555461e+01,  0.000000e+00 
9.500591e+01,  0.000000e+00 
9.442662e+01,  0.000000e+00 
9.381701e+01,  0.000000e+00 
9.317738e+01,  0.000000e+00 
9.250805e+01,  0.000000e+00 
9.180935e+01,  0.000000e+00 
9.108160e+01,  0.000000e+00 
9.032518e+01,  0.000000e+00 
8.954044e+01,  0.000000e+00 
8.872777e+01,  0.000000e+00 
8.788756e+01,  0.000000e+00 
8.702023e+01,  0.000000e+00 
8.612618e+01,  0.000000e+00 
8.520586e+01,  0.000000e+00 
8.425970e+01,  0.000000e+00 
8.328817e+01,  0.000000e+00 
8.229173e+01,  0.000000e+00 
8.127087e+01,  0.000000e+00 
8.022607e+01,  0.000000e+00 
7.915784e+01,  0.000000e+00 
7.806668e+01,  0.000000e+00 
7.695312e+01,  0.000000e+00 
7.581769e+01,  0.000000e+00 
7.466093e+01,  0.000000e+00 
7.348340e+01,  0.000000e+00 
7.228564e+01,  0.000000e+00 
7.106824e+01,  0.000000e+00 
6.983176e+01,  0.000000e+00 
6.857679e+01,  0.000000e+00 
6.730391e+01,  0.000000e+00 
6.601374e+01,  0.000000e+00 
6.470687e+01,  0.000000e+00 
6.338392e+01,  0.000000e+00 
6.204549e+01,  0.000000e+00 
6.069222e+01,  0.000000e+00 
5.932474e+01,  0.000000e+00 
5.794367e+01,  0.000000e+00 
5.654966e+01,  0.000000e+00 
5.514335e+01,  0.000000e+00 
5.372538e+01,  0.000000e+00 
5.229641e+01,  0.000000e+00 
5.085708e+01,  0.000000e+00 
4.940806e+01,  0.000000e+00 
4.795000e+01,  0.000000e+00 
4.648356e+01,  0.000000e+00 
4.500940e+01,  0.000000e+00 
4.352818e+01,  0.000000e+00 
4.204057e+01,  0.000000e+00 
4.054724e+01,  0.000000e+00 
3.904884e+01,  0.000000e+00 
3.754605e+01,  0.000000e+00 
3.603952e+01,  0.000000e+00 
3.452991e+01,  0.000000e+00 
3.301790e+01,  0.000000e+00 
3.150413e+01,  0.000000e+00 
2.998927e+01,  0.000000e+00 
2.847397e+01,  0.000000e+00 
2.695888e+01,  0.000000e+00 
2.544465e+01,  0.000000e+00 
2.393193e+01,  0.000000e+00 
2.242135e+01,  0.000000e+00 
2.091356e+01,  0.000000e+00 
1.940920e+01,  0.000000e+00 
1.790888e+01,  0.000000e+00 
1.641323e+01,  0.000000e+00 
1.492287e+01,  0.000000e+00 
1.343840e+01,  0.000000e+00 
1.196045e+01,  0.000000e+00 
1.048960e+01,  0.000000e+00 
9.026452e+00,  0.000000e+00 
7.571587e+00,  0.000000e+00 
6.125585e+00,  0.000000e+00 
4.689016e+00,  0.000000e+00 
3.262445e+00,  0.000000e+00 
1.846425e+00,  0.000000e+00 
4.415046e-01,  0.000000e+00 
9.517790e-01,  1.800000e+02 
2.332897e+00,  1.800000e+02 
3.701328e+00,  1.800000e+02 
5.056562e+00,  1.800000e+02 
6.398098e+00,  1.800000e+02 
7.725445e+00,  1.800000e+02 
9.038120e+00,  1.800000e+02 
1.033565e+01,  1.800000e+02 
1.161758e+01,  1.800000e+02 
1.288346e+01,  1.800000e+02 
1.413284e+01,  1.800000e+02 
1.536531e+01,  1.800000e+02 
1.658043e+01,  1.800000e+02 
1.777781e+01,  1.800000e+02 
1.895704e+01,  1.800000e+02 
2.011776e+01,  1.800000e+02 
2.125958e+01,  1.800000e+02 
2.238215e+01,  1.800000e+02 
2.348511e+01,  1.800000e+02 
2.456814e+01,  1.800000e+02 
2.563090e+01,  1.800000e+02 
2.667309e+01,  1.800000e+02 
2.769441e+01,  1.800000e+02 
2.869457e+01,  1.800000e+02 
2.967330e+01,  1.800000e+02 
3.063033e+01,  1.800000e+02 
3.156541e+01,  1.800000e+02 
3.247832e+01,  1.800000e+02 
3.336882e+01,  1.800000e+02 
3.423670e+01,  1.800000e+02 
3.508177e+01,  1.800000e+02 
3.590383e+01,  1.800000e+02 
3.670272e+01,  1.800000e+02 
3.747828e+01,  1.800000e+02 
3.823035e+01,  1.800000e+02 
3.895880e+01,  1.800000e+02 
3.966350e+01,  1.800000e+02 
4.034435e+01,  1.800000e+02 
4.100125e+01,  1.800000e+02 
4.163412e+01,  1.800000e+02 
4.224287e+01,  1.800000e+02 
4.282745e+01,  1.800000e+02 
4.338781e+01,  1.800000e+02 
4.392391e+01,  1.800000e+02 
4.443573e+01,  1.800000e+02 
4.492326e+01,  1.800000e+02 
4.538649e+01,  1.800000e+02 
4.582543e+01,  1.800000e+02 
4.624012e+01,  1.800000e+02 
4.663057e+01,  1.800000e+02 
4.699684e+01,  1.800000e+02 
4.733899e+01,  1.800000e+02 
4.765707e+01,  1.800000e+02 
4.795118e+01,  1.800000e+02 
4.822139e+01,  1.800000e+02 
4.846781e+01,  1.800000e+02 
4.869055e+01,  1.800000e+02 
4.888972e+01,  1.800000e+02 
4.906546e+01,  1.800000e+02 
4.921792e+01,  1.800000e+02 
4.934723e+01,  1.800000e+02 
4.945355e+01,  1.800000e+02 
4.953707e+01,  1.800000e+02 
4.959795e+01,  1.800000e+02 
4.963638e+01,  1.800000e+02 
4.965255e+01,  1.800000e+02 
4.964668e+01,  1.800000e+02 
4.961897e+01,  1.800000e+02 
4.956964e+01,  1.800000e+02 
4.949893e+01,  1.800000e+02 
4.940706e+01,  1.800000e+02 
4.929428e+01,  1.800000e+02 
4.916084e+01,  1.800000e+02 
4.900700e+01,  1.800000e+02 
4.883302e+01,  1.800000e+02 
4.863917e+01,  1.800000e+02 
4.842574e+01,  1.800000e+02 
4.819299e+01,  1.800000e+02 
4.794123e+01,  1.800000e+02 
4.767074e+01,  1.800000e+02 
4.738182e+01,  1.800000e+02 
4.707478e+01,  1.800000e+02 
4.674993e+01,  1.800000e+02 
4.640758e+01,  1.800000e+02 
4.604805e+01,  1.800000e+02 
4.567166e+01,  1.800000e+02 
4.527874e+01,  1.800000e+02 
4.486962e+01,  1.800000e+02 
4.444462e+01,  1.800000e+02 
4.400410e+01,  1.800000e+02 
4.354838e+01,  1.800000e+02 
4.307782e+01,  1.800000e+02 
4.259274e+01,  1.800000e+02 
4.209351e+01,  1.800000e+02 
4.158046e+01,  1.800000e+02 
4.105396e+01,  1.800000e+02 
4.051434e+01,  1.800000e+02 
3.996197e+01,  1.800000e+02 
3.939720e+01,  1.800000e+02 
3.882039e+01,  1.800000e+02 
3.823189e+01,  1.800000e+02 
3.763205e+01,  1.800000e+02 
3.702124e+01,  1.800000e+02 
3.639981e+01,  1.800000e+02 
3.576812e+01,  1.800000e+02 
3.512652e+01,  1.800000e+02 
3.447537e+01,  1.800000e+02 
3.381503e+01,  1.800000e+02 
3.314585e+01,  1.800000e+02 
3.246818e+01,  1.800000e+02 
3.178238e+01,  1.800000e+02 
3.108879e+01,  1.800000e+02 
3.038776e+01,  1.800000e+02 
2.967965e+01,  1.800000e+02 
2.896479e+01,  1.800000e+02 
2.824353e+01,  1.800000e+02 
2.751620e+01,  1.800000e+02 
2.678316e+01,  1.800000e+02 
2.604472e+01,  1.800000e+02 
2.530123e+01,  1.800000e+02 
2.455302e+01,  1.800000e+02 
2.380041e+01,  1.800000e+02 
2.304372e+01,  1.800000e+02 
2.228328e+01,  1.800000e+02 
2.151940e+01,  1.800000e+02 
2.075240e+01,  1.800000e+02 
1.998258e+01,  1.800000e+02 
1.921026e+01,  1.800000e+02 
1.843573e+01,  1.800000e+02 
1.765930e+01,  1.800000e+02 
1.688125e+01,  1.800000e+02 
1.610189e+01,  1.800000e+02 
1.532149e+01,  1.800000e+02 
1.454034e+01,  1.800000e+02 
1.375872e+01,  1.800000e+02 
1.297689e+01,  1.800000e+02 
1.219513e+01,  1.800000e+02 
1.141371e+01,  1.800000e+02 
1.063288e+01,  1.800000e+02 
9.852902e+00,  1.800000e+02 
9.074022e+00,  1.800000e+02 
8.296488e+00,  1.800000e+02 
7.520543e+00,  1.800000e+02 
6.746422e+00,  1.800000e+02 
5.974359e+00,  1.800000e+02 
5.204580e+00,  1.800000e+02 
4.437309e+00,  1.800000e+02 
3.672763e+00,  1.800000e+02 
2.911155e+00,  1.800000e+02 
2.152694e+00,  1.800000e+02 
1.397583e+00,  1.800000e+02 
6.460209e-01,  1.800000e+02 
1.017983e-01,  0.000000e+00 
8.456853e-01,  0.000000e+00 
1.585456e+00,  0.000000e+00 
2.320930e+00,  0.000000e+00 
3.051933e+00,  0.000000e+00 
3.778293e+00,  0.000000e+00 
4.499846e+00,  0.000000e+00 
5.216431e+00,  0.000000e+00 
5.927890e+00,  0.000000e+00 
6.634071e+00,  0.000000e+00 
7.334828e+00,  0.000000e+00 
8.030016e+00,  0.000000e+00 
8.719497e+00,  0.000000e+00 
9.403137e+00,  0.000000e+00 
1.008080e+01,  0.000000e+00 
1.075237e+01,  0.000000e+00 
1.141773e+01,  0.000000e+00 
1.207674e+01,  0.000000e+00 
1.272930e+01,  0.000000e+00 
1.337531e+01,  0.000000e+00 
1.401464e+01,  0.000000e+00 
1.464721e+01,  0.000000e+00 
1.527291e+01,  0.000000e+00 
1.589166e+01,  0.000000e+00 
1.650335e+01,  0.000000e+00 
1.710790e+01,  0.000000e+00 
1.770523e+01,  0.000000e+00 
1.829526e+01,  0.000000e+00 
1.887790e+01,  0.000000e+00 
1.945310e+01,  0.000000e+00 
2.002077e+01,  0.000000e+00 
2.058085e+01,  0.000000e+00 
2.113327e+01,  0.000000e+00 
2.167797e+01,  0.000000e+00 
2.221490e+01,  0.000000e+00 
2.274400e+01,  0.000000e+00 
2.326522e+01,  0.000000e+00 
2.377849e+01,  0.000000e+00 
2.428379e+01,  0.000000e+00 
2.478106e+01,  0.000000e+00 
2.527025e+01,  0.000000e+00 
2.575133e+01,  0.000000e+00 
2.622427e+01,  0.000000e+00 
2.668901e+01,  0.000000e+00 
2.714554e+01,  0.000000e+00 
2.759381e+01,  0.000000e+00 
2.803380e+01,  0.000000e+00 
2.846547e+01,  0.000000e+00 
2.888881e+01,  0.000000e+00 
2.930379e+01,  0.000000e+00 
2.971038e+01,  0.000000e+00 
3.010857e+01,  0.000000e+00 
3.049832e+01,  0.000000e+00 
3.087964e+01,  0.000000e+00 
3.125249e+01,  0.000000e+00 
3.161687e+01,  0.000000e+00 
3.197275e+01,  0.000000e+00 
3.232013e+01,  0.000000e+00 
3.265900e+01,  0.000000e+00 
3.298934e+01,  0.000000e+00 
3.331115e+01,  0.000000e+00 
3.362441e+01,  0.000000e+00 
3.392913e+01,  0.000000e+00 
3.422528e+01,  0.000000e+00 
3.451288e+01,  0.000000e+00 
3.479191e+01,  0.000000e+00 
3.506238e+01,  0.000000e+00 
3.532427e+01,  0.000000e+00 
3.557759e+01,  0.000000e+00 
3.582233e+01,  0.000000e+00 
3.605851e+01,  0.000000e+00 
3.628611e+01,  0.000000e+00 
3.650514e+01,  0.000000e+00 
3.671560e+01,  0.000000e+00 
3.691750e+01,  0.000000e+00 
3.711083e+01,  0.000000e+00 
3.729560e+01,  0.000000e+00 
3.747183e+01,  0.000000e+00 
3.763950e+01,  0.000000e+00 
3.779863e+01,  0.000000e+00 
3.794923e+01,  0.000000e+00 
3.809130e+01,  0.000000e+00 
3.822486e+01,  0.000000e+00 
3.834990e+01,  0.000000e+00 
3.846645e+01,  0.000000e+00 
3.857450e+01,  0.000000e+00 
3.867408e+01,  0.000000e+00 
3.876519e+01,  0.000000e+00 
3.884785e+01,  0.000000e+00 
3.892206e+01,  0.000000e+00 
3.898784e+01,  0.000000e+00 
3.904522e+01,  0.000000e+00 
3.909419e+01,  0.000000e+00 
3.913479e+01,  0.000000e+00 
3.916702e+01,  0.000000e+00 
3.919090e+01,  0.000000e+00 
3.920646e+01,  0.000000e+00 
3.921371e+01,  0.000000e+00 
3.921268e+01,  0.000000e+00 
3.920338e+01,  0.000000e+00 
3.918584e+01,  0.000000e+00 
3.916008e+01,  0.000000e+00 
3.912613e+01,  0.000000e+00 
3.908401e+01,  0.000000e+00 
3.903375e+01,  0.000000e+00 
3.897539e+01,  0.000000e+00 
3.890894e+01,  0.000000e+00 
3.883444e+01,  0.000000e+00 
3.875193e+01,  0.000000e+00 
3.866144e+01,  0.000000e+00 
3.856299e+01,  0.000000e+00 
3.845664e+01,  0.000000e+00 
3.834242e+01,  0.000000e+00 
3.822036e+01,  0.000000e+00 
3.809051e+01,  0.000000e+00 
3.795292e+01,  0.000000e+00 
3.780762e+01,  0.000000e+00 
3.765467e+01,  0.000000e+00 
3.749411e+01,  0.000000e+00 
3.732599e+01,  0.000000e+00 
3.715037e+01,  0.000000e+00 
3.696730e+01,  0.000000e+00 
3.677683e+01,  0.000000e+00 
3.657902e+01,  0.000000e+00 
3.637394e+01,  0.000000e+00 
3.616165e+01,  0.000000e+00 
3.594220e+01,  0.000000e+00 
3.571567e+01,  0.000000e+00 
3.548212e+01,  0.000000e+00 
3.524162e+01,  0.000000e+00 
3.499426e+01,  0.000000e+00 
3.474009e+01,  0.000000e+00 
3.447921e+01,  0.000000e+00 
3.421168e+01,  0.000000e+00 
3.393760e+01,  0.000000e+00 
3.365704e+01,  0.000000e+00 
3.337010e+01,  0.000000e+00 
3.307686e+01,  0.000000e+00 
3.277742e+01,  0.000000e+00 
3.247186e+01,  0.000000e+00 
3.216029e+01,  0.000000e+00 
3.184281e+01,  0.000000e+00 
3.151951e+01,  0.000000e+00 
3.119051e+01,  0.000000e+00 
3.085590e+01,  0.000000e+00 
3.051580e+01,  0.000000e+00 
3.017032e+01,  0.000000e+00 
2.981957e+01,  0.000000e+00 
2.946367e+01,  0.000000e+00 
2.910275e+01,  0.000000e+00 
2.873691e+01,  0.000000e+00 
2.836630e+01,  0.000000e+00 
2.799102e+01,  0.000000e+00 
2.761123e+01,  0.000000e+00 
2.722703e+01,  0.000000e+00 
2.683858e+01,  0.000000e+00 
2.644600e+01,  0.000000e+00 
2.604944e+01,  0.000000e+00 
2.564904e+01,  0.000000e+00 
2.524494e+01,  0.000000e+00 
2.483729e+01,  0.000000e+00 
2.442624e+01,  0.000000e+00 
2.401193e+01,  0.000000e+00 
2.359453e+01,  0.000000e+00 
2.317418e+01,  0.000000e+00 
2.275105e+01,  0.000000e+00 
2.232529e+01,  0.000000e+00 
2.189706e+01,  0.000000e+00 
2.146653e+01,  0.000000e+00 
2.103387e+01,  0.000000e+00 
2.059924e+01,  0.000000e+00 
2.016281e+01,  0.000000e+00 
1.972475e+01,  0.000000e+00 
1.928523e+01,  0.000000e+00 
1.884443e+01,  0.000000e+00 
1.840253e+01,  0.000000e+00 
1.795969e+01,  0.000000e+00 
1.751611e+01,  0.000000e+00 
1.707195e+01,  0.000000e+00 
1.662740e+01,  0.000000e+00 
1.618265e+01,  0.000000e+00 
1.573787e+01,  0.000000e+00 
1.529324e+01,  0.000000e+00 
1.484897e+01,  0.000000e+00 
1.440522e+01,  0.000000e+00 
1.396219e+01,  0.000000e+00 
1.352006e+01,  0.000000e+00 
1.307903e+01,  0.000000e+00 
1.263927e+01,  0.000000e+00 
1.220099e+01,  0.000000e+00 
1.176436e+01,  0.000000e+00 
1.132958e+01,  0.000000e+00 
1.089684e+01,  0.000000e+00 
1.046632e+01,  0.000000e+00 
1.003821e+01,  0.000000e+00 
9.612711e+00,  0.000000e+00 
9.189999e+00,  0.000000e+00 
8.770264e+00,  0.000000e+00 
8.353695e+00,  0.000000e+00 
7.940479e+00,  0.000000e+00 
7.530800e+00,  0.000000e+00 
7.124843e+00,  0.000000e+00 
6.722793e+00,  0.000000e+00 
6.324832e+00,  0.000000e+00 
5.931142e+00,  0.000000e+00 
5.541903e+00,  0.000000e+00 
5.157294e+00,  0.000000e+00 
4.777491e+00,  0.000000e+00 
4.402671e+00,  0.000000e+00 
4.033007e+00,  0.000000e+00 
3.668672e+00,  0.000000e+00 
3.309834e+00,  0.000000e+00 
2.956663e+00,  0.000000e+00 
2.609324e+00,  0.000000e+00 
2.267981e+00,  0.000000e+00 
1.932794e+00,  0.000000e+00 
1.603922e+00,  0.000000e+00 
1.281521e+00,  0.000000e+00 
9.657448e-01,  0.000000e+00 
6.567436e-01,  0.000000e+00 
3.546653e-01,  0.000000e+00 
5.965436e-02,  0.000000e+00 
2.281474e-01,  1.800000e+02 
5.086017e-01,  1.800000e+02 
7.815731e-01,  1.800000e+02 
1.046930e+00,  1.800000e+02 
1.304544e+00,  1.800000e+02 
1.554289e+00,  1.800000e+02 
1.796046e+00,  1.800000e+02 
2.029695e+00,  1.800000e+02 
2.255123e+00,  1.800000e+02 
2.472220e+00,  1.800000e+02 
2.680880e+00,  1.800000e+02 
2.881001e+00,  1.800000e+02 
3.072484e+00,  1.800000e+02 
3.255235e+00,  1.800000e+02 
3.429165e+00,  1.800000e+02 
3.594188e+00,  1.800000e+02 
3.750222e+00,  1.800000e+02 
3.897191e+00,  1.800000e+02 
4.035021e+00,  1.800000e+02 
4.163646e+00,  1.800000e+02 
4.283000e+00,  1.800000e+02 
4.393026e+00,  1.800000e+02 
4.493667e+00,  1.800000e+02 
4.584876e+00,  1.800000e+02 
4.666605e+00,  1.800000e+02 
4.738816e+00,  1.800000e+02 
4.801471e+00,  1.800000e+02 
4.854539e+00,  1.800000e+02 
4.897995e+00,  1.800000e+02 
4.931816e+00,  1.800000e+02 
4.955987e+00,  1.800000e+02 
4.970493e+00,  1.800000e+02 
4.975330e+00,  1.800000e+02 
##END 
